0.526383160974208067417
0.552007383589691056963
0.560456415924902275538
0.564663584822439734885
0.567182332901279096914
0.568859184062970736628
0.570055801302998148283
0.57095264427163532105
0.571649821407139422259
0.572207331651528459254
0.574713581573408166699
0.575548072309969212159
0.575965144068525327845
0.57621533156833318768
0.576382100086782401226
0.576501209119254951537
0.576590534693220066464
0.576660006465331402472
0.576715581568208099199
0.576965644068200205624
0.577048988975607867608
0.577090659693199644134
0.577115661568198785175
0.57713232925338548221
0.577144234629424145513
0.577153163599449542387
0.577160108317170367914
0.577165664068198695086
0.577190664693200325246
0.57719899814227333245
0.577203164849450228377
0.577205664868199368536
0.577207331545050971941
0.577208522027383955262
0.577209414888512689287
0.577210109335689484748
0.577210664893199289736
0.577213164899449201681
0.57721399823394055513
0.577214414901011573823
0.577214664901199945093
0.577214831567968151942
0.577214950615647996203
0.577215039901401938405
0.577215109345873265446
0.577215164901449724957
0.57721541490151201826
0.577215498234855870462
0.577215539901527745388
0.577215564901528617806
0.577215581568195815199
0.577215593472959960161
0.577215602401531514137
0.577215609345977678085
0.577215614901530957651
0.577215639901536648262
0.57721564823487383003
0.577215652401535835037
0.577215654901538855609
0.577215656568204614138
0.577215657758684498949
0.5772156586515420542
0.577215659345986818046
0.577215659901539031654
0.577215662401541916918
0.577215663234873626111
0.577215663651543404652
0.57721566390154017967
0.577215664068204804479
0.577215664187252794695
0.577215664276532907512
0.577215664345977760158
0.577215664401535717698
0.577215664651545693961
