0.52638346
0.552007496
0.560456574
0.564663947
0.5671826
0.568859637
0.570056796
0.570953429
0.571650088
0.57220751
0.57471472
0.575549185
0.575966418
0.57621634
0.57638365
0.576503158
0.576594889
0.576666951
0.576723218
0.576966405
0.577055097
0.577094674
0.577120423
0.577137589
0.577151239
0.577158093
0.577174783
0.577172399
0.577219605
0.577177644
0.577186704
0.577123821
0.577453792
0.577037275
0.577009797
0.577374637
0.577915847
0.576679409
0.583784282
0.582204521
0.568326652
0.576739967
0.612419128
0.574255168
0.55183953
0.541846454
0.802373588
0.489559859
0.201877788
-0.0212657619
-0.203587323
-0.357737988
-0.49126938
-0.60905242
-0.714412928
-1.40756011
-1.81302524
-2.10070729
-2.32385087
-2.50617242
-2.66032314
-2.79385448
-2.91163754
-3.01699805
-3.71014524
-4.11561012
-4.40329218
-4.62643576
-4.80875731
-4.96290827
-5.09643936
-5.21422243
-5.31958294
-6.01273012
