0.52638316097420779
0.55200738358969126
0.56045641592490192
0.56466358482243928
0.56718233290127751
0.56885918406296909
0.57005580130299727
0.57095264427163528
0.57164982140713949
0.57220733165152904
0.5747135815734099
0.57554807230996818
0.57596514406852339
0.57621533156832871
0.57638210008678392
0.5765012091192574
0.57659053469322163
0.57666000646533266
0.57671558156820613
0.57696564406820094
0.57704898897558898
0.5770906596931713
0.57711566156816652
0.57713232925336477
0.57714423462938491
0.5771531635994176
0.57716010831713405
0.57716566406816483
0.5771906646931928
0.57719899814230402
0.57720316484944689
0.577205664868222
0.577207331545047
0.57720852202738548
0.57720941488853938
0.5772101093356774
0.5772106648931068
0.57721316489964636
0.57721399823399189
0.57721441490090619
0.57721466490129814
0.57721483156792708
0.57721495061536388
0.57721503990079448
0.5772151093453104
0.577215164900716
0.57721541490082728
0.57721549823421725
0.57721553990050722
0.57721556490021975
0.57721558156707609
0.57721559347165829
0.57721560240024949
0.57721560934385607
0.57721561489895024
0.57721563989883862
0.57721564822994154
0.57721565239985395
0.57721565490087556
0.57721565656662221
0.57721565775694472
0.57721565864983759
0.57721565934432562
0.57721565990018675
0.57721566240206812
0.57721566323583318
0.57721566365236754
0.57721566390237555
0.57721566406888769
0.5772156641875732
0.57721566427733251
0.57721566434643279
0.57721566440213934
0.57721566465648877
